#define __REPARTITION_ELEVATION001_SIZE 501
#define __REPARTITION_ELEVATION001_DATA                                        \
    0.0, 1.96584831087e-05, 7.8630881512e-05, 0.000176908042442,               \
        0.000314474711287, 0.000491309531586, 0.000707385045039,               \
        0.000962667691495, 0.00125711780896, 0.0015906896336,                  \
        0.00196333129972, 0.0023749848398, 0.00282558618447, 0.00331506516249, \
        0.00384334550082, 0.00441034482453, 0.00501597465687,                  \
        0.00566014041925, 0.00634274143121, 0.00706367091047,                  \
        0.00782281597289, 0.00862005763248, 0.00945527080143, 0.0103283242901, \
        0.0112390808068, 0.0121873969584, 0.0131731232496, 0.0141961040833,    \
        0.0152561777607, 0.0163531764809, 0.0174869263415, 0.018657247338,     \
        0.019863953364, 0.0211068522115, 0.0223857455706, 0.0237004290293,     \
        0.0250506920741, 0.0264363180893, 0.0278570843578, 0.0293127620602,    \
        0.0308031162756, 0.0323279059811, 0.0338868840519, 0.0354797972614,    \
        0.0371063862812, 0.0387663856812, 0.040459523929, 0.0421855233909,     \
        0.043944100331, 0.0457349649116, 0.0475578211933, 0.0494123665587,     \
        0.0512982853771, 0.0532152426685, 0.0551628835279, 0.0571408331251,    \
        0.0591486967049, 0.0611860595869, 0.0632524871656, 0.0653475249103,    \
        0.0674706983653, 0.0696215131499, 0.071799454958, 0.0740039895587,     \
        0.0762345627956, 0.0784906005875, 0.0807715089281, 0.0830766738857,    \
        0.0854054616039, 0.0877572183007, 0.0901312702694, 0.0925269238779,    \
        0.0949434655693, 0.0973801618613, 0.0998362593465, 0.102310984693,     \
        0.104803544642, 0.107313126012, 0.109838895695, 0.112380000658,        \
        0.114935567943, 0.117504704667, 0.120086498022, 0.122680015274,        \
        0.125284303764, 0.127898390911, 0.130521284204, 0.133151971209,        \
        0.135789419569, 0.138432576999, 0.141080371289, 0.143731710307,        \
        0.146385481991, 0.149040554358, 0.151695775498, 0.154349973577,        \
        0.157001956835, 0.159650513586, 0.162294412221, 0.164932401205,        \
        0.167563209076, 0.17018554728, 0.172798141286, 0.175399761711,         \
        0.177989227147, 0.180565404165, 0.183127207312, 0.185673599111,        \
        0.188203590061, 0.190716238638, 0.193210651295, 0.195685982461,        \
        0.198141434543, 0.200576257922, 0.202989750957, 0.205381259983,        \
        0.207750179314, 0.210095951237, 0.212418066016, 0.214716061895,        \
        0.21698952509, 0.219238089798, 0.221461438188, 0.223659300408,         \
        0.225831454584, 0.227977726815, 0.23009799118, 0.232192169731,         \
        0.234260232501, 0.236302197495, 0.238318130697, 0.240308146068,        \
        0.242272405544, 0.244211119038, 0.24612454444, 0.248012987617,         \
        0.24987680241, 0.251716390641, 0.253532202104, 0.255324734572,         \
        0.257094533794, 0.258842193496, 0.260568355379, 0.262273709123,        \
        0.263958992383, 0.26562499079, 0.267272537952, 0.268902515455,         \
        0.270515852861, 0.272113527706, 0.273696565505, 0.275266036364,        \
        0.276823017732, 0.278368557159, 0.279903668907, 0.281429333953,        \
        0.282946499985, 0.284456081408, 0.285958959337, 0.287455981601,        \
        0.288947962744, 0.290435684021, 0.291919893403, 0.293401305572,        \
        0.294880601926, 0.296358430573, 0.297835406336, 0.299312110754,        \
        0.300789092074, 0.302266865261, 0.30374591199, 0.305226680653,         \
        0.306709586353, 0.308195010905, 0.309683302841, 0.311174777403,        \
        0.312669716549, 0.314168368948, 0.315670949985, 0.317177641756,        \
        0.318688593072, 0.320203919455, 0.321723703144, 0.323247993089,        \
        0.324776804953, 0.326310121114, 0.327847890662, 0.329390029401,        \
        0.330936419848, 0.332486911234, 0.334041319503, 0.335599427312,        \
        0.337160984032, 0.338725705748, 0.340293275255, 0.341863342067,        \
        0.343435522405, 0.34500939921, 0.34658452213, 0.34816040753,           \
        0.349736538489, 0.351312366853, 0.352887335855, 0.35446090273,         \
        0.356032540769, 0.357601739324, 0.359168003802, 0.360730855669,        \
        0.36228983245, 0.363844487727, 0.365394391138, 0.366939128383,         \
        0.368478301215, 0.370011527449, 0.371538440956, 0.373058691665,        \
        0.374571945563, 0.376077884695, 0.377576207164, 0.37906662713,         \
        0.380548874812, 0.382022696486, 0.383487854487, 0.384944127207,        \
        0.386391309095, 0.387829210661, 0.389257658469, 0.390676495144,        \
        0.392085579367, 0.393484785878, 0.394874005473, 0.396253145009,        \
        0.397622127398, 0.398980891611, 0.400329392677, 0.401667601683,        \
        0.402995505774, 0.404313108153, 0.405620428078, 0.40691750087,         \
        0.408204377904, 0.409481126614, 0.410747830492, 0.412004589088,        \
        0.413251518009, 0.414488748922, 0.41571642955, 0.416934723673,         \
        0.418143811132, 0.419343887823, 0.420535165702, 0.421717872781,        \
        0.422892253131, 0.424058566881, 0.425217090217, 0.426368115383,        \
        0.427511950683, 0.428648920475, 0.429779365179, 0.43090364127,         \
        0.432022121282, 0.433135193806, 0.434243263493, 0.435346751049,        \
        0.436446093241, 0.43754174289, 0.438634168879, 0.439723856146,         \
        0.440811305689, 0.441897034561, 0.442981575876, 0.444065478804,        \
        0.445149308573, 0.446233646471, 0.44731908984, 0.448406252083,         \
        0.44949576266, 0.450588267089, 0.451684426945, 0.452784919862,         \
        0.453890439532, 0.455001695703, 0.456119414184, 0.457244336838,        \
        0.458377221589, 0.459518842419, 0.460669989365, 0.461831468524,        \
        0.463004102051, 0.464188728158, 0.465386201116, 0.466597391252,        \
        0.467823184953, 0.469064484662, 0.470322208882, 0.471597292171,        \
        0.472890685148, 0.474203354489, 0.475536282925, 0.476890469249,        \
        0.47826692831, 0.479666691014, 0.481090804326, 0.48254033127,          \
        0.484016350925, 0.485519958431, 0.487052264983, 0.488614397837,        \
        0.490207500303, 0.491832731752, 0.493491267612, 0.495184299369,        \
        0.496913034567, 0.498678696806, 0.500482525746, 0.502325777106,        \
        0.504209722659, 0.506135650239, 0.508104863737, 0.510118683102,        \
        0.51217844434, 0.514285499516, 0.516441216753, 0.518646980231,         \
        0.520904190188, 0.52321426292, 0.525578630781, 0.527998742184,         \
        0.530476061597, 0.533012069549, 0.535608262626, 0.538266145779,        \
        0.540987147742, 0.543772536434, 0.546623411274, 0.549540703178,        \
        0.552525174561, 0.555577419337, 0.558697862918, 0.561886762214,        \
        0.565144205634, 0.568470113085, 0.571864235973, 0.575326157201,        \
        0.578855291172, 0.582450883787, 0.586112012445, 0.589837586043,        \
        0.593626344977, 0.597476861142, 0.60138753793, 0.60535660734,          \
        0.609382098147, 0.613461804083, 0.617593280939, 0.621773846565,        \
        0.626000580871, 0.630270325829, 0.63457968547, 0.638925025884,         \
        0.643302475224, 0.647707923699, 0.652137023582, 0.656585189204,        \
        0.661047596957, 0.665519185292, 0.669994654721, 0.674468467816,        \
        0.678934849208, 0.683387785591, 0.687821025716, 0.692228080395,        \
        0.696602222501, 0.700936486967, 0.705223670784, 0.709456333006,        \
        0.713626834898, 0.71772778162, 0.721752463906, 0.725694898217,         \
        0.729549826745, 0.733312717407, 0.736979763847, 0.740547885438,        \
        0.744014727282, 0.747378660207, 0.750638780769, 0.753794911251,        \
        0.756847599665, 0.75979811975, 0.762648470974, 0.765401378531,         \
        0.768060293342, 0.770629392059, 0.773113577059, 0.775518476448,        \
        0.777850444058, 0.78011655945, 0.782324627914, 0.784483180465,         \
        0.786601473848, 0.788689438729, 0.790757109841, 0.792814056128,        \
        0.79486932894, 0.796931462032, 0.799008471564, 0.801107856102,         \
        0.803236596618, 0.805401156488, 0.807607481495, 0.809860999828,        \
        0.812166622079, 0.814528741249, 0.816951232741, 0.819437454366,        \
        0.821990246339, 0.824611931283, 0.827304314223, 0.830068682591,        \
        0.832905806227, 0.835815937372, 0.838798810676, 0.841853643194,        \
        0.844979134385, 0.848173466114, 0.851434302653, 0.854758790678,        \
        0.858143559271, 0.86158471992, 0.865077866517, 0.868618075362,         \
        0.872199905158, 0.875817397015, 0.879464074449, 0.883132943379,        \
        0.88681652542, 0.890507224046, 0.894197690754, 0.897880858355,         \
        0.901549940974, 0.905198434046, 0.908820114322, 0.912409039864,        \
        0.915959550046, 0.919466265557, 0.922924088398, 0.926328201881,        \
        0.929674070635, 0.932957440596, 0.936174339019, 0.939321074467,        \
        0.942394236818, 0.945390697263, 0.948307608305, 0.95114240376,         \
        0.953892798757, 0.956556789738, 0.959132654457, 0.961618951982,        \
        0.964014522693, 0.966318488283, 0.968530251757, 0.970649497435,        \
        0.972676190948, 0.97461057924, 0.976453190568, 0.978204834503,         \
        0.979866601926, 0.981439865034, 0.982926277336, 0.984327773651,        \
        0.985646570114, 0.986885164172, 0.988046334585, 0.989133141425,        \
        0.990148908553, 0.991097030844, 0.991980781418, 0.992803294112,        \
        0.993567563483, 0.994276444805, 0.994932654069, 0.995538767987,        \
        0.996097223988, 0.99661032022, 0.997080215548, 0.997508929556,         \
        0.997898342548, 0.998250195544, 0.998566090283, 0.998847489222,        \
        0.999095715538, 0.999311953125, 0.999497246594, 0.999652501278,        \
        0.999778483225, 0.999875819203, 0.999944996697, 0.999986363911,        \
        1.00000012977
